IF_NumResPairs: 15.0
IF_NumRes: 19
IF_pLDDT 66.63640945568959
pLDDT 71.33616945462371
if_plddt_sum 1266.0917796581023
if_plddt_av 66.63640945568959
if_plddt_std 20.956902829369092
ch1_plddt_av 67.08689388205589
ch1_plddt_std 15.399828861305588
ch2_plddt_av 73.12533811675756
ch2_plddt_std 18.64483370666447
plddt_av 71.33616945462371
plddt_std 17.958260861268474
Summary: [[66.63640945568959, 20.956902829369092, 67.08689388205589, 15.399828861305588, 73.12533811675756, 18.64483370666447, 71.33616945462371, 17.958260861268474]]
L1: 152
****  LIST OF INTERACTING RESIDUES ***
Residue: 57 103 455
Residue: 58 103 455
Residue: 59 103 455
Residue: 61 103 455
Residue: 62 150 502
Residue: 64 157 509
Residue: 67 157 509
Residue: 71 157 509
Residue: 75 279 631
Residue: 86 263 615
Residue: 105 150 502
Residue: 106 150 502
Residue: 106 146 498
Residue: 109 150 502
Residue: 109 146 498
